[engine]
settings_preset = 0
(0 = No preset, 1 = Lowest, 2 = Low, 3 = Medium, 4 = High, 5 = Ultra)
fps = 60
tickrate = 120
scale = 1
trail_update_rate = 60
trail_length = 500
enable_trails = True
enable_grid = True
aa_trails = True
draw_shine = True
aa_bodies = False
dist_before_deletion = 100000
gravity = 100
speed = 20
bottom_panel_type = 1
system = oi

[spaceDust]
enable_space_dust = False
space_dust_amount = 100
space_dust_x_variation = 1500
space_dust_y_variation = 1500
space_dust_x_speed_variation = 50
space_dust_y_speed_variation = 50
space_dust_min_radius = 2
space_dust_max_radius = 20

[local systems]
system = 0.0@-194.68236611720377@0.4042703256575293@-0.1996757760396836@1001@(219.90800000000002, 219.90800000000002, 20.108)@Sun!1601.4788493216774@410.86954277054303@-3.013353801224621@6.941693943488768@25@(255, 225, 192)@Jupiter!2174.4026649033535@-4585.189874442574@4.335668612229523@2.037661187572866@12@(255, 225, 192)@Saturn!1642.4766606121868@-9942.472280004382@3.567494327505952@0.6508728768530134@9@(0, 0, 192)@Neptune!1833.9751949752772@-7910.452203860627@3.910029353270017@0.7746744862383862@8@(102, 178, 255)@Uranus!-98.41903755006048@-692.7210986582745@14.744302998331438@-3.0480388971953385@5@(64, 64, 225)@Earth!-121.84275575346112@29.329565520191906@-16.371654673357508@-9.85854969177545@4@(255, 128, 0)@Venus!-486.83198051328293@-960.6740688330538@9.457468781506895@-5.912297644147744@3@(255, 192, 72)@Mars!-5.810947794062016@-289.87770957355@31.890355172963293@-0.7934593205111102@1@(192, 192, 192)@Mercury!-185.81559645600015@-135.9166770947164@2.5503294138141683@24.716771983997933@1@(128, 128, 128)@Large Asteroid!2904.0252943562687@-16923.264905141445@5.616197361397573@-46.8555082348325@1@(128, 128, 128)@Large Asteroid!-972.2047515468538@-6222.312094796662@-5.597593899625074@-17.196331877911337@1@(128, 128, 128)@Large Asteroid!300.534976621781@575.7010444798323@10.659576036678564@-2.0826988610268646@1@(128, 128, 128)@Large Asteroid

